9413307745
9413536226
9413509545
9413270530
9413317616
9413370081
9413293884
9413832264
9413790202
9413724390
9413679647
9413317626
9413309374
9413678422
9413637389
9413210306
9413329546
9413332993
9413781993
9413789365
9413731155
9413462618
9413531499
9413221277
9413492753
9413751793
9413408893
9413500593
9413960268
9413686680
9413284596
9413761152
9413313601
9413624583
9413276854
9413505184
9413275594
9413600327
9413687701
9413709757
9413244204
9413972743
9413731236
9413373092
9413321101
9413900907
9413451552
9413198074
9413613090
9413280087
9413948309
9413176964
9413729908
9413414254
9413206539
9413625298
9413472092
9413909380
9413854178
9413440049
9413376587
9413332277
9413138228
